0 0.5886614583333334 0.0483425925925926 0.014166666666666666 0.03846296296296296
0 0.4763072916666667 0.03241666666666666 0.013421875 0.03778703703703704
0 0.35242708333333334 0.13224074074074074 0.017625000000000002 0.03355555555555556
0 0.3104427083333333 0.20925000000000002 0.02 0.03137962962962963
0 0.2614375 0.41837962962962966 0.019630208333333333 0.023898148148148148
0 0.26943750000000005 0.6529351851851851 0.020625 0.024398148148148148
0 0.32602083333333337 0.8317592592592592 0.01904166666666667 0.03185185185185185
0 0.41559375000000004 0.9412685185185186 0.015109375000000001 0.03650925925925926
0 0.5222760416666666 0.9714074074074073 0.010744791666666666 0.03473148148148148
0 0.6486666666666667 0.8931944444444444 0.017640625 0.036305555555555556
0 0.723578125 0.74575 0.019901041666666668 0.030425925925925926
0 0.7276927083333333 0.7308796296296296 0.020036458333333333 0.030666666666666665
0 0.7487812500000001 0.34317592592592594 0.02021875 0.024888888888888887
0 0.6943541666666667 0.17082407407407407 0.018281250000000002 0.034888888888888886