0 0.4627239583333333 0.03660185185185185 0.013088541666666667 0.03871296296296296
0 0.34171875 0.14930555555555555 0.017515625 0.031157407407407404
0 0.30282812499999995 0.22947222222222224 0.018526041666666666 0.029166666666666667
0 0.259953125 0.4432314814814815 0.018229166666666668 0.019425925925925926
0 0.274390625 0.6765740740740741 0.020088541666666668 0.02484259259259259
0 0.335890625 0.8497407407407408 0.018395833333333333 0.03317592592592592
0 0.428890625 0.9509166666666666 0.013625 0.03381481481481482
0 0.5361197916666666 0.9699907407407407 0.011036458333333334 0.032907407407407406
0 0.6599114583333333 0.8780462962962963 0.017223958333333334 0.03422222222222222
0 0.7306979166666667 0.7225555555555556 0.019192708333333332 0.028537037037037038
0 0.7343437500000001 0.7070555555555555 0.019744791666666664 0.027620370370370368
0 0.74453125 0.31940740740740736 0.019026041666666667 0.026148148148148146
0 0.6845885416666667 0.1526574074074074 0.018458333333333334 0.03295370370370371
0 0.5754635416666667 0.04162037037037037 0.01328125 0.036888888888888895