0 0.5511614583333333 0.029175925925925928 0.010927083333333334 0.03374074074074074
0 0.44061979166666665 0.045398148148148146 0.014302083333333333 0.03395370370370371
0 0.33509375 0.16480555555555557 0.018005208333333335 0.031712962962962964
0 0.274984375 0.3335370370370371 0.020609375 0.025537037037037035
0 0.2584739583333333 0.5753333333333334 0.019510416666666665 0.018842592592592595
0 0.27168749999999997 0.681074074074074 0.01963541666666667 0.024203703703703703
0 0.3428802083333334 0.8664166666666667 0.017489583333333333 0.03281481481481481
0 0.46101041666666664 0.9641666666666666 0.011671875 0.03428703703703704
0 0.5768020833333334 0.9513240740740742 0.013177083333333334 0.03492592592592592
0 0.6733020833333333 0.8545462962962963 0.017723958333333335 0.03295370370370371
0 0.737078125 0.6964444444444444 0.018614583333333334 0.026814814814814816
0 0.7608385416666666 0.45687962962962964 0.018895833333333334 0.01799074074074074
0 0.7311145833333333 0.26205555555555554 0.019713541666666667 0.028731481481481483
0 0.7264166666666667 0.24675925925925926 0.019510416666666665 0.02811111111111111