0 0.52596875 0.024009259259259258 0.010791666666666666 0.03352777777777778
0 0.41736458333333337 0.058750000000000004 0.015666666666666666 0.032824074074074075
0 0.318234375 0.19421296296296298 0.020015625 0.03326851851851852
0 0.2670416666666667 0.37189814814814814 0.02090625 0.024638888888888887
0 0.26272395833333334 0.6164444444444445 0.019890625 0.01986111111111111
0 0.28144270833333335 0.7179166666666666 0.020046875000000002 0.02689814814814815
0 0.36232291666666666 0.8905925925925926 0.016979166666666667 0.03512962962962963
0 0.485765625 0.9669166666666666 0.010187499999999999 0.035222222222222224
0 0.60009375 0.9350925925925926 0.014692708333333334 0.03613888888888889
0 0.6906510416666667 0.8217685185185185 0.01796354166666667 0.033018518518518516
0 0.7461354166666666 0.6534907407407408 0.019557291666666664 0.025703703703703704
0 0.7580989583333333 0.41024074074074074 0.020197916666666666 0.02074074074074074
0 0.7184114583333333 0.22239814814814815 0.019697916666666666 0.029740740740740738
0 0.7121041666666666 0.2077314814814815 0.02025 0.030722222222222224