0 0.732 0.2633518518518519 0.020130208333333333 0.02987962962962963
0 0.7367135416666667 0.2789351851851852 0.021520833333333333 0.02838888888888889
0 0.7614895833333333 0.4761296296296297 0.02032291666666667 0.019537037037037037
0 0.7324531249999999 0.7136296296296296 0.021348958333333334 0.030111111111111113
0 0.6650052083333333 0.866037037037037 0.017791666666666664 0.035500000000000004
0 0.5667135416666667 0.9564351851851852 0.013614583333333334 0.036148148148148145
0 0.45076041666666666 0.9594444444444444 0.012588541666666668 0.039074074074074074
0 0.3349895833333333 0.8520740740740741 0.018505208333333335 0.0385
0 0.26917187499999995 0.6635000000000001 0.020494791666666668 0.02575925925925926
0 0.25761979166666665 0.5570277777777778 0.019046875 0.017703703703703704
0 0.27858854166666663 0.3163888888888889 0.020572916666666666 0.02801851851851852
0 0.34256770833333333 0.15182407407407408 0.0199375 0.03407407407407407
0 0.45085416666666667 0.03861111111111112 0.014713541666666666 0.03589814814814815
0 0.5620625 0.033351851851851855 0.013015625 0.037064814814814814