0 0.5541614583333333 0.03064814814814815 0.011536458333333333 0.03403703703703703
0 0.4432291666666667 0.04331481481481481 0.013250000000000001 0.035055555555555555
0 0.3375833333333333 0.16054629629629627 0.018119791666666666 0.03227777777777778
0 0.27625520833333334 0.328212962962963 0.020109375 0.026574074074074073
0 0.2582083333333333 0.5692314814814815 0.019 0.018074074074074072
0 0.270640625 0.6745092592592593 0.01953125 0.024333333333333335
0 0.34036458333333336 0.8622777777777778 0.017421875 0.03371296296296296
0 0.45774479166666665 0.9631666666666667 0.011932291666666667 0.03490740740740741
0 0.5733750000000001 0.952675925925926 0.012906250000000001 0.03533333333333333
0 0.6701145833333333 0.8580555555555556 0.016864583333333336 0.03350925925925926
0 0.7354375 0.7016296296296296 0.018927083333333334 0.027925925925925927
0 0.7609791666666667 0.46346296296296297 0.020203125 0.018657407407407407
0 0.7333177083333333 0.2677777777777778 0.019369791666666667 0.029277777777777778
0 0.7286614583333333 0.2529537037037037 0.019880208333333333 0.029287037037037035