0 0.5433749999999999 0.027620370370370368 0.010630208333333334 0.03526851851851852
0 0.41238020833333333 0.06443518518518519 0.015192708333333334 0.03285185185185185
0 0.3198177083333333 0.18982407407407406 0.01873958333333333 0.03163888888888889
0 0.26802604166666666 0.363462962962963 0.018895833333333334 0.023092592592592595
0 0.258078125 0.5555185185185185 0.01784375 0.017888888888888888
0 0.30232291666666666 0.7786018518518518 0.019187500000000003 0.029324074074074075
0 0.38253125000000004 0.9128981481481481 0.01583333333333333 0.03515740740740741
0 0.39065625 0.919675925925926 0.015161458333333332 0.03566666666666667
0 0.6020625000000001 0.9411759259259259 0.014046874999999999 0.03439814814814815
0 0.69321875 0.8279166666666666 0.016953125 0.03261111111111111
0 0.7524062499999999 0.628462962962963 0.019119791666666667 0.023148148148148147
0 0.7590312499999999 0.4232222222222222 0.019921875 0.02059259259259259
0 0.7053489583333333 0.1941203703703704 0.01982291666666667 0.031157407407407404
0 0.662015625 0.11586111111111111 0.017432291666666665 0.03467592592592593