0 0.5654375 0.03372222222222222 0.013432291666666667 0.03609259259259259
0 0.45474479166666665 0.037953703703703705 0.01669270833333333 0.03671296296296296
0 0.3457864583333333 0.14778703703703705 0.019385416666666665 0.033851851851851855
0 0.2804895833333333 0.3110462962962963 0.020895833333333332 0.028694444444444443
0 0.25764583333333335 0.5513888888888889 0.018171875 0.01912962962962963
0 0.2674166666666667 0.6579259259259259 0.020036458333333333 0.02539814814814815
0 0.332546875 0.850037037037037 0.019067708333333332 0.03425925925925926
0 0.4471614583333333 0.9589444444444445 0.013255208333333332 0.03548148148148148
0 0.563421875 0.9571759259259259 0.013098958333333332 0.03601851851851852
0 0.6620989583333333 0.8706296296296296 0.017307291666666665 0.0344537037037037
0 0.7308489583333333 0.7195833333333334 0.019489583333333334 0.03009259259259259
0 0.7613697916666666 0.4832777777777778 0.01971875 0.019685185185185188
0 0.7383229166666666 0.28517592592592594 0.020213541666666668 0.02975925925925926
0 0.733328125 0.26989814814814816 0.020510416666666666 0.028296296296296295