0 0.4692395833333334 0.03446296296296296 0.013401041666666667 0.03830555555555555
0 0.346890625 0.1403611111111111 0.01758854166666667 0.0345462962962963
0 0.306296875 0.22 0.018447916666666668 0.03161111111111111
0 0.260765625 0.4311111111111111 0.019703125 0.02171296296296296
0 0.27175 0.6649907407407408 0.020052083333333335 0.02510185185185185
0 0.33077083333333335 0.840962962962963 0.018713541666666667 0.03317592592592592
0 0.42223437500000005 0.9467222222222222 0.014369791666666666 0.034722222222222224
0 0.52934375 0.9716574074074075 0.010624999999999999 0.034185185185185187
0 0.65415625 0.8855092592592593 0.017531249999999998 0.03609259259259259
0 0.7272864583333334 0.7338333333333333 0.019192708333333332 0.0295
0 0.7312447916666667 0.7193703703703703 0.019552083333333335 0.0295
0 0.7468281250000001 0.33119444444444446 0.019911458333333333 0.024814814814814814
0 0.68946875 0.16152777777777777 0.018364583333333333 0.03241666666666666
0 0.5819895833333334 0.04549074074074074 0.013625 0.03774074074074074