0 0.5917552083333334 0.05135185185185185 0.014505208333333333 0.03816666666666667
0 0.479671875 0.03138888888888889 0.012583333333333334 0.03813888888888889
0 0.35508854166666665 0.12743518518518518 0.017432291666666665 0.0362037037037037
0 0.31285937500000005 0.20425000000000001 0.018239583333333333 0.03153703703703704
0 0.2619322916666667 0.4118425925925926 0.019244791666666667 0.02322222222222222
0 0.2686458333333333 0.6468703703703704 0.019744791666666664 0.02350925925925926
0 0.323671875 0.827212962962963 0.018328124999999997 0.03167592592592593
0 0.4123177083333333 0.9388425925925926 0.014343749999999999 0.03665740740740741
0 0.5183385416666667 0.9728796296296297 0.009703125 0.03528703703703703
0 0.6455729166666667 0.89775 0.016661458333333334 0.03584259259259259
0 0.7216614583333333 0.7512592592592593 0.01959375 0.03098148148148148
0 0.7264791666666667 0.7384722222222222 0.01959375 0.029333333333333333
0 0.749953125 0.34999074074074077 0.019104166666666665 0.02437962962962963
0 0.69628125 0.17587037037037037 0.019197916666666665 0.03281481481481481