0 0.588640625 0.0497037037037037 0.014239583333333333 0.039185185185185184
0 0.476328125 0.032990740740740744 0.014447916666666666 0.03687037037037037
0 0.3521197916666667 0.1320925925925926 0.018151041666666666 0.03415740740740741
0 0.3109166666666667 0.20834259259259258 0.020880208333333334 0.03426851851851852
0 0.261484375 0.4184537037037037 0.021979166666666668 0.023148148148148147
0 0.27001041666666664 0.6535648148148149 0.020348958333333333 0.02351851851851852
0 0.32601562500000003 0.8313240740740742 0.018744791666666667 0.03362962962962963
0 0.4157291666666667 0.9421481481481482 0.014265625 0.035925925925925924
0 0.52215625 0.9724537037037037 0.010588541666666666 0.033777777777777775
0 0.6483385416666666 0.893351851851852 0.017947916666666668 0.03587962962962963
0 0.7235572916666667 0.746 0.018895833333333334 0.030157407407407407
0 0.7275625 0.7293425925925926 0.020380208333333334 0.03059259259259259
0 0.7484895833333333 0.34375 0.020703125 0.02612037037037037
0 0.6941510416666666 0.1700648148148148 0.019104166666666665 0.033120370370370376