0 0.52240625 0.02351851851851852 0.011046875000000001 0.033166666666666664
0 0.41429166666666667 0.06030555555555555 0.015963541666666668 0.033962962962962966
0 0.3158229166666667 0.1985648148148148 0.020057291666666664 0.03403703703703703
0 0.26609374999999996 0.37789814814814815 0.021604166666666664 0.02626851851851852
0 0.26309375 0.6211574074074074 0.021411458333333334 0.023194444444444445
0 0.2831458333333333 0.7223148148148149 0.020828125 0.03001851851851852
0 0.3654895833333333 0.8901574074074075 0.017416666666666667 0.04403703703703704
0 0.4891979166666667 0.9670092592592592 0.009057291666666667 0.03499074074074074
0 0.6031458333333333 0.9317777777777778 0.015333333333333334 0.0372962962962963
0 0.6928385416666667 0.8161296296296295 0.018625 0.03334259259259259
0 0.7473020833333333 0.6464166666666666 0.019765625000000002 0.026787037037037036
0 0.7576197916666667 0.40375 0.02175 0.02199074074074074
0 0.71640625 0.21768518518518518 0.019984375 0.03311111111111111
0 0.7103489583333332 0.2041851851851852 0.020223958333333333 0.033518518518518524