0 0.5543229166666667 0.030564814814814812 0.011067708333333334 0.03462037037037037
0 0.44345833333333334 0.04276851851851852 0.014328125 0.03621296296296296
0 0.33705729166666665 0.16061111111111112 0.019015624999999998 0.03262037037037037
0 0.27634895833333334 0.3279722222222222 0.0199375 0.025898148148148146
0 0.2579375 0.5693703703703703 0.01923958333333333 0.019074074074074077
0 0.270296875 0.6752592592592592 0.019869791666666668 0.022953703703703702
0 0.3403385416666667 0.8622777777777778 0.017651041666666666 0.03188888888888889
0 0.4575885416666667 0.9627037037037037 0.011916666666666666 0.034972222222222224
0 0.5733802083333334 0.9525648148148148 0.012770833333333334 0.034972222222222224
0 0.67046875 0.8588703703703704 0.016479166666666666 0.03295370370370371
0 0.7354270833333333 0.7017777777777777 0.018666666666666668 0.026962962962962963
0 0.7611614583333334 0.46339814814814817 0.018479166666666665 0.018425925925925925
0 0.7333020833333334 0.26749999999999996 0.019203124999999998 0.02885185185185185
0 0.7282552083333333 0.2531481481481481 0.019781249999999997 0.029212962962962965