0 0.5753489583333333 0.042555555555555555 0.013598958333333333 0.03724074074074074
0 0.46273958333333337 0.036787037037037035 0.01334375 0.03725
0 0.3417291666666667 0.14874074074074073 0.017838541666666666 0.03214814814814815
0 0.30255208333333333 0.23025925925925927 0.018489583333333334 0.028787037037037038
0 0.25985416666666666 0.44358333333333333 0.019276041666666667 0.02049074074074074
0 0.274265625 0.6770833333333334 0.019369791666666667 0.02330555555555556
0 0.33590625 0.8495833333333332 0.017536458333333334 0.03344444444444444
0 0.4288177083333334 0.9509351851851852 0.013625 0.034324074074074076
0 0.5364375 0.9708796296296296 0.010843750000000001 0.03386111111111111
0 0.6599010416666666 0.8783888888888889 0.016817708333333334 0.03503703703703704
0 0.7306406249999999 0.7220925925925926 0.01883333333333333 0.028481481481481483
0 0.73428125 0.7079537037037037 0.019161458333333332 0.027787037037037037
0 0.7442760416666666 0.31957407407407407 0.019463541666666664 0.025361111111111112
0 0.6844322916666666 0.15228703703703703 0.01816145833333333 0.03224074074074074