0 0.447375 0.040712962962962965 0.014760416666666666 0.03793518518518518
0 0.34061458333333333 0.15498148148148147 0.020286458333333333 0.03609259259259259
0 0.27782291666666664 0.3217222222222222 0.020135416666666666 0.02799074074074074
0 0.257984375 0.5636944444444444 0.019880208333333333 0.01839814814814815
0 0.26980729166666667 0.6691203703703703 0.021249999999999998 0.026296296296296293
0 0.33775520833333333 0.8572685185185185 0.018333333333333333 0.03549074074074074
0 0.4541822916666666 0.9610462962962963 0.012359375 0.038935185185185184
0 0.569953125 0.9541944444444445 0.013838541666666667 0.03589814814814815
0 0.6677552083333332 0.8619629629629629 0.017734375 0.034212962962962966
0 0.7336770833333334 0.7074351851851851 0.020411458333333334 0.028675925925925924
0 0.7613541666666667 0.47034259259259265 0.020927083333333332 0.019435185185185184
0 0.7347708333333334 0.2738611111111111 0.020671875 0.02937037037037037
0 0.7303020833333334 0.2575648148148148 0.019963541666666664 0.02876851851851852
0 0.5584895833333333 0.03090740740740741 0.011697916666666667 0.035833333333333335