0 0.5191510416666667 0.02386111111111111 0.011635416666666667 0.03417592592592592
0 0.41105729166666666 0.06238888888888888 0.01576041666666667 0.034944444444444445
0 0.31399479166666666 0.20313888888888887 0.020125 0.03426851851851852
0 0.2654375 0.3834444444444444 0.0203125 0.02424074074074074
0 0.26378645833333336 0.6260555555555556 0.021828124999999997 0.023083333333333334
0 0.28483854166666667 0.7273981481481482 0.021161458333333334 0.029777777777777775
0 0.3677395833333333 0.8962222222222221 0.01736979166666667 0.03659259259259259
0 0.49252083333333335 0.966074074074074 0.010359375 0.03422222222222222
0 0.6065364583333334 0.9292407407407408 0.016036458333333333 0.03718518518518518
0 0.6952083333333333 0.8118425925925925 0.0195 0.03389814814814815
0 0.7483020833333334 0.6412037037037037 0.018942708333333332 0.026407407407407407
0 0.7574479166666667 0.3986944444444444 0.021328125 0.021212962962962965
0 0.7146510416666667 0.21193518518518517 0.02023958333333333 0.0324537037037037
0 0.7086770833333333 0.19743518518518519 0.019979166666666666 0.033046296296296296