0 0.5618125 0.032990740740740744 0.012369791666666666 0.03665740740740741
0 0.4507864583333333 0.03928703703703704 0.014484374999999999 0.03500925925925926
0 0.34308333333333335 0.15075 0.018880208333333332 0.034999999999999996
0 0.27885937499999996 0.3164166666666667 0.021421875 0.029
0 0.25797916666666665 0.5572592592592593 0.019723958333333333 0.020277777777777777
0 0.269015625 0.6636666666666666 0.02022916666666667 0.026944444444444444
0 0.33481770833333335 0.8534999999999999 0.01903125 0.03537037037037037
0 0.4506145833333333 0.9609259259259259 0.01340625 0.03515740740740741
0 0.5665104166666667 0.955648148148148 0.012770833333333334 0.03967592592592593
0 0.6651197916666667 0.8659351851851852 0.018010416666666664 0.03557407407407408
0 0.7325729166666667 0.7135555555555555 0.020380208333333334 0.03047222222222222
0 0.761421875 0.47701851851851845 0.021828124999999997 0.019731481481481482
0 0.736453125 0.2791111111111111 0.019630208333333333 0.028694444444444443
0 0.7319479166666666 0.2624537037037037 0.019395833333333334 0.031342592592592596