0 0.6144635416666666 0.06901851851851852 0.015046875 0.03529629629629629
0 0.5061770833333333 0.02885185185185185 0.010109375 0.03252777777777778
0 0.40186458333333336 0.07684259259259259 0.01546875 0.03468518518518519
0 0.30222916666666666 0.2351851851851852 0.017895833333333333 0.028092592592592593
0 0.261546875 0.41916666666666663 0.018317708333333335 0.021666666666666664
0 0.2598125 0.43657407407407406 0.01719270833333333 0.018407407407407407
0 0.3091666666666667 0.8039259259259259 0.018182291666666666 0.030351851851851852
0 0.3927760416666667 0.928537037037037 0.0153125 0.03294444444444444
0 0.51475 0.9713425925925926 0.009484375 0.031231481481481478
0 0.6227708333333334 0.9199814814814815 0.01598958333333333 0.035805555555555556
0 0.7221614583333333 0.7503518518518518 0.01933333333333333 0.029574074074074076
0 0.7475468749999999 0.6504166666666668 0.019671875000000002 0.023851851851851853
0 0.7582447916666666 0.4182222222222222 0.019125 0.02163888888888889
0 0.7061041666666666 0.19799074074074074 0.019359375 0.03266666666666667