0 0.5692395833333334 0.03534259259259259 0.013734375 0.03548148148148148
0 0.45830729166666667 0.035583333333333335 0.01440625 0.03765740740740741
0 0.3483177083333333 0.14303703703703702 0.020046875000000002 0.03540740740740741
0 0.28215104166666666 0.3041296296296296 0.020723958333333334 0.029898148148148146
0 0.257875 0.5448425925925926 0.018671875 0.02086111111111111
0 0.2669947916666667 0.6516666666666666 0.019953125000000002 0.025046296296296296
0 0.3303645833333333 0.8467870370370371 0.018598958333333335 0.0340462962962963
0 0.44447916666666665 0.9569074074074074 0.012864583333333334 0.03882407407407407
0 0.560015625 0.959675925925926 0.013109375000000001 0.03536111111111111
0 0.6596458333333334 0.8748703703703704 0.017442708333333334 0.03451851851851852
0 0.7293906250000001 0.7240185185185186 0.019828125 0.03138888888888889
0 0.7617604166666666 0.48910185185185184 0.02023958333333333 0.021175925925925928
0 0.739375 0.2907222222222222 0.020192708333333333 0.030074074074074073
0 0.7352291666666667 0.27466666666666667 0.020770833333333336 0.02965740740740741