0 0.5261354166666666 0.023851851851851853 0.010265625 0.03325925925925926
0 0.417515625 0.058472222222222224 0.015427083333333334 0.03235185185185185
0 0.3179166666666667 0.1941388888888889 0.02034375 0.03275925925925926
0 0.26697916666666666 0.3728518518518519 0.01971875 0.02397222222222222
0 0.26244270833333333 0.6158796296296296 0.020364583333333335 0.020462962962962964
0 0.28142187500000004 0.7178240740740741 0.019453125 0.026861111111111113
0 0.36247395833333335 0.8903981481481481 0.016661458333333334 0.03443518518518518
0 0.48558333333333337 0.9670092592592592 0.010390624999999999 0.03378703703703704
0 0.600078125 0.9348796296296296 0.014661458333333332 0.036175925925925924
0 0.6907031250000001 0.8214166666666667 0.018052083333333333 0.03286111111111111
0 0.7462760416666666 0.6532685185185185 0.019151041666666667 0.025296296296296296
0 0.7580572916666667 0.41021296296296295 0.020390625 0.020648148148148148
0 0.7187916666666666 0.2223148148148148 0.01961458333333333 0.031296296296296294
0 0.7127395833333333 0.20824074074074075 0.019453125 0.031962962962962964