0 0.46966145833333334 0.0340462962962963 0.013401041666666667 0.0385
0 0.3467135416666667 0.1398425925925926 0.017812500000000002 0.03448148148148148
0 0.3065833333333333 0.2194537037037037 0.018770833333333334 0.03159259259259259
0 0.26058333333333333 0.43071296296296296 0.019067708333333332 0.020925925925925928
0 0.27163020833333335 0.6655925925925926 0.020307291666666668 0.02237962962962963
0 0.3307760416666667 0.8412314814814814 0.018609374999999997 0.03269444444444445
0 0.4221302083333333 0.9463425925925926 0.014140624999999999 0.03551851851851852
0 0.5291875 0.9717314814814815 0.011354166666666667 0.03280555555555555
0 0.654421875 0.8858333333333334 0.017427083333333333 0.034944444444444445
0 0.7271197916666666 0.7343425925925926 0.019197916666666665 0.029268518518518517
0 0.730984375 0.719 0.019734375000000002 0.028453703703703703
0 0.7464999999999999 0.33066666666666666 0.0199375 0.025277777777777777
0 0.6889166666666667 0.16146296296296295 0.019401041666666667 0.03144444444444445
0 0.5818437500000001 0.04594444444444444 0.014395833333333333 0.038009259259259257