0 0.519109375 0.02387962962962963 0.011520833333333334 0.033462962962962965
0 0.41103645833333335 0.06239814814814815 0.016140625 0.03373148148148148
0 0.31357291666666665 0.20323148148148149 0.019942708333333333 0.03319444444444444
0 0.2656510416666667 0.3834444444444444 0.020442708333333334 0.025472222222222222
0 0.26383854166666665 0.6260370370370371 0.021083333333333332 0.023055555555555555
0 0.2841197916666667 0.7272777777777778 0.020760416666666667 0.029314814814814814
0 0.36811979166666664 0.8965462962962962 0.017541666666666667 0.03496296296296296
0 0.492765625 0.9673981481481481 0.009135416666666667 0.033324074074074075
0 0.6065833333333334 0.92925 0.015109375000000001 0.03634259259259259
0 0.695296875 0.8117962962962963 0.017989583333333333 0.03212962962962963
0 0.7484010416666667 0.6408888888888888 0.01896875 0.025592592592592594
0 0.757015625 0.39844444444444443 0.020015625 0.021666666666666664
0 0.7145833333333333 0.21214814814814814 0.019765625000000002 0.03175
0 0.7085052083333333 0.19860185185185186 0.019692708333333333 0.03294444444444444