0 0.5951197916666667 0.05408333333333333 0.015250000000000001 0.040712962962962965
0 0.6989010416666667 0.18055555555555555 0.01940625 0.03311111111111111
0 0.7515208333333334 0.35687962962962966 0.019859375000000002 0.025777777777777778
0 0.7243645833333333 0.7420648148148148 0.01965625 0.030712962962962966
0 0.7198229166666666 0.7568703703703703 0.02015625 0.030305555555555554
0 0.6426614583333333 0.9007685185185186 0.01696354166666667 0.03562037037037037
0 0.51509375 0.9732685185185186 0.010432291666666668 0.03451851851851852
0 0.409328125 0.9365092592592592 0.014859375000000001 0.0372962962962963
0 0.3213229166666667 0.8226481481481481 0.01942708333333333 0.032388888888888884
0 0.2677552083333333 0.6413333333333333 0.020270833333333335 0.022601851851851852
0 0.26289583333333333 0.40640740740740744 0.021046875 0.023370370370370368
0 0.31484375 0.19852777777777778 0.018786458333333332 0.03292592592592593
0 0.35784895833333336 0.12295370370370369 0.017828124999999997 0.03640740740740741
0 0.48383333333333334 0.03174074074074074 0.012510416666666666 0.03782407407407407