0 0.6104635416666666 0.06066666666666666 0.015156250000000001 0.036194444444444446
0 0.4860208333333333 0.030240740740740738 0.012328125 0.037953703703703705
0 0.380921875 0.09717592592592593 0.017640625 0.03751851851851852
0 0.28829166666666667 0.2768148148148148 0.019442708333333333 0.029712962962962965
0 0.2662864583333333 0.37717592592592597 0.019083333333333334 0.026305555555555554
0 0.261078125 0.6056851851851852 0.020708333333333332 0.022333333333333334
0 0.31577083333333333 0.8163611111111111 0.018598958333333335 0.032990740740740744
0 0.4079479166666667 0.9390555555555555 0.014656250000000001 0.03572222222222222
0 0.5160052083333333 0.9724907407407407 0.009692708333333333 0.032490740740740744
0 0.6202604166666668 0.9215833333333333 0.015484375 0.03528703703703703
0 0.7181354166666666 0.7567407407407407 0.019505208333333336 0.030296296296296297
0 0.7556458333333332 0.5665277777777779 0.017354166666666667 0.021074074074074075
0 0.7560520833333333 0.5501481481481482 0.01617708333333333 0.01961111111111111
0 0.6990260416666667 0.17712962962962964 0.018901041666666667 0.03234259259259259